x1	x2	x3	y
-1.254598811526375	0.6835119515543189	0.1751784555977891	-3.9994790215119935
4.507143064099161	3.752341678431773	0.2022088913599509	4.457959223324194
2.3199394181140507	1.9008476763721005	0.7691980363788655	3.9776999673281495
0.986584841970366	-1.1538073113248062	1.1543328354359643	5.084034930007112
-3.439813595575635	-1.796829342696716	1.2278867700250229	-4.698232574250828
-3.4400547966379733	0.9838383430130114	1.2159268897025404	-8.301337762543222
-4.419163878318005	-2.6404664140412843	1.3894581524202798	-2.4433171467527246
3.661761457749352	3.662917531708708	1.3609807106267675	2.74880850079424
1.0111501174320878	2.358880241442574	1.3197207580220327	-0.3806699859398936
2.0807257779604544	-0.9383513042094096	0.9727677591046489	7.106017135682352
-4.794155057041976	-3.426269058181755	0.6047560323050803	-3.268778838886931
4.699098521619943	2.7077447483308257	0.6024408263963378	6.097332394246178
3.324426408004218	-0.2290796905052357	0.8681917902100307	7.478357412713848
-2.8766088932172384	2.4756326239469235	0.2625353374085602	-9.569306898160372
-3.181750327928994	-3.188855317588734	0.6729157943886698	-0.1839862186726074
-3.165954901465662	-1.1987500459075455	0.5425909870090401	-3.5461424133949806
-1.9575775704046228	0.0104873994363663	0.7932456299778528	-3.5535897365993026
0.2475643163223786	0.0939611875294841	1.2945941392477356	2.4719744757418605
-0.6805498135788426	-0.9001309429584873	1.07175841487633	0.717469404051326
-2.0877085980195806	1.2456998646949975	1.084773970096302	-6.027809991339009
1.118528947223795	-2.1352408587651888	0.6535547488697725	5.2037922827878464
-3.605061393479581	-0.284758970042587	1.1994412086211734	-6.80217220130811
-2.0785535146478185	0.2405912634237977	1.00542575149435	-3.986063339839541
-1.336381567063083	1.028877668117498	1.2279408146869282	-2.0000027062166774
-0.4393001578296402	1.4232297561777796	0.2026044275008696	-3.656456588955763
2.8517596139301364	-2.2492841836757385	0.050006259202677	9.305926271754124
-3.003262178416403	-3.068228341471245	-0.2501692723127156	-2.261006608103524
0.1423443841361162	2.555353643797018	-0.1316706237800783	-3.9139872377187954
0.9241456886204248	0.6646280239591833	-0.8600755090599945	-1.3467522779311731
-4.535495872800023	-1.4969730731131072	-0.9040154632911256	-7.769282735719822
1.0754485190143832	3.102303951045046	-0.8834160571099712	-3.402997114031741
-3.294758763127085	0.2313492685857173	-1.0119216594663978	-7.205790812670169
-4.349484070147205	2.358594368127653	-1.1397697738386714	-12.925394598301455
4.488855372533333	0.1350369628202179	-0.8408057494398591	6.904118576332406
4.656320330745594	4.121495849763974	-0.4496075051303179	3.8549091267845146
3.0839734811646107	3.510681684886409	-0.9572130691896994	0.3464570198698438
-1.9538623082662931	-0.497928296958147	-0.5147611655600333	-3.374247586365906
-4.023278859936161	1.9431419019087108	-0.7150343373559421	-11.54248039600528
1.8423302651215687	1.290751899170295	-0.1506143027572355	1.1102837920596864
-0.5984750626039865	2.7372631150646973	-1.023267621610917	-5.903656555345027
-3.779617651552212	-1.929846921160209	-0.8340359046608887	-4.856105209164239
-0.0482308988872981	1.3721029199968786	-0.6779324797568982	-4.443857852920988
-4.656114788847816	2.116848973699176	-0.4473288910715569	-13.384126988447736
4.093204020787821	-3.517478972846229	-1.038271964812565	12.377061958591344
-2.412200183999831	-2.36651702533155	-1.2386240824093937	-2.009353490235573
1.6252228435398202	-4.078464355520201	-0.4947378009188131	10.165662985552018
-1.8828892391058905	-0.5388136688891155	-1.4035956126299394	-4.852175279578841
0.2006802117781081	1.4350845115919246	-1.4613065324037366	-3.4182734165725024
0.4671027934327965	3.004714104192056	-0.4337934200245703	-4.4324344160886975
-3.1514554447447294	0.1481895608395503	-0.4304281733631512	-7.671065359543847
4.695846277645586	3.257231091142584	-0.2748957850383726	3.938742795434336
2.751328233611145	-2.7602029164297828	0.5524050418707136	10.855687095351508
4.394989415641891	0.018605536084121282	0.6908170016970803	13.398944255342563
3.948273504276488	-0.1110953977932375	0.6718505419886156	9.028484933986627
0.9789997881108512	0.7681308978786145	0.6094128475090204	-0.4085687226073387
4.218742350231167	-0.0653894961881862	1.3293706606268123	9.03772747680386
-4.115074979480805	-4.134884200079753	1.261251313892628	-1.3483119079458632
-4.54772711089462	-2.6089390010097064	1.4469319547282171	-4.299302461244794
-1.7466966923673564	1.339345097660077	0.4442266087835435	-7.348273217648911
-1.1132271031051797	0.7331964921936965	0.1860387638467168	-5.176306840284781
-2.286509682261041	-1.8797595726547105	0.3434191317277625	-1.4446151138111254
3.2873750915192943	-1.027733834673387	0.4902177673941051	9.122296004753862
-1.432466733064107	-2.118427043777903	0.583777015652976	1.1551845696882743
-2.1906549031261924	-0.1253581945463437	0.4980473352322795	-3.6272645404460553
0.4269608315824849	1.9102846410024763	0.7778055475429233	-0.2270012627987392
-3.590757750252373	-1.9714520926710877	0.4221113708282687	-4.426239485572633
3.0219698075403976	1.0080930310356888	1.3559818034371014	6.511496067303768
-4.254493563202292	-1.0605152367448816	0.9978985027343088	-7.751910354126232
4.868869366005173	-1.5857456645246883	1.4083062496170835	12.338054395552978
2.7224476929665737	-0.2140607199091156	1.1592815171092392	4.886370284552397
-3.012843184658276	-2.070484644838748	1.0996475087068514	-2.3150866957627407
-4.944778828763976	-1.107298610694364	0.9623064362103124	-7.505025809784497
3.154614284548341	-2.395755785177697	0.6868169860949169	10.56641732796568
2.068573438476172	0.018605536084121282	0.4574387837603706	-1.3291941419013926
2.290071680409873	0.0705271039434572	0.3515437129073656	3.828034344418725
2.712703466859457	-1.3994510159851712	-0.2957780164414282	7.097720200130313
-4.259553482659096	0.427959821468444	-0.4176083726131926	-10.99258006421716
-1.4153427145572737	-0.2246560993816596	-0.8774027436718129	-1.8323944998472577
-3.841309404748703	-0.4419391990664459	-0.56705336586164	-7.776978776485049
3.631034258755936	1.2283334000868504	-1.2722086703396145	3.912915362066212
1.2329812682755792	1.5150154200946102	-0.5240353593366657	1.3631514473839932
-1.691019751473508	-1.061002295221055	-1.0088466379471004	-3.839859904022344
-4.364416497139763	-1.15163648128936	-1.3160331405442247	-9.179791898812836
-1.890176782843378	-0.550103394303288	-0.7203916219632415	-4.627732096670982
-1.7481667797325295	-4.60384232947117	-0.8425230391868573	2.667540121692727
2.2960617833806403	-3.0303821243971045	-0.2952537663043109	9.333125369951086
1.3755747135521317	2.7337485348890493	-0.6987132268361319	-1.168768488580383
3.8721274257632654	3.289935427002568	-0.6464109987794624	4.864218229494079
-0.2778507483805068	-0.4980720791127566	-1.1414939638742512	-2.9712210033920434
-3.804057540616983	1.1531139261115328	-0.8137705393454826	-9.380066812753237
2.1324478722299496	0.6225003090870722	-1.5312142637425206	1.5490432972630428
2.6078504861689744	6.157761616910475	-1.4038252092968788	-5.73041676935404
0.6127719756949626	2.239149822869153	-0.7982924872552589	-3.3915869009718898
2.7096717995456103	-0.255835182961533	-0.8382609350203138	4.223717954709296
-0.0620440363560925	-1.9110808812008515	-0.9260106000800312	3.6862496036285193
0.2273282938199408	-3.212892640515145	-1.245948863400427	5.11953378470616
-0.7245898164145039	0.4069272717344462	-0.7952302273784035	-2.6725587437760248
-4.745808732559048	-1.5127014905686067	-0.5401679496689001	-6.303683836513307
-3.921085730066956	-2.8445074191953483	-0.5968808883590231	-5.565444007326983
-4.685708143132658	-1.2931457684850531	0.51393867326319	-8.35125182625811
1.3641041126378042	-2.16309600722879	0.6326985275025543	4.301043325926149
-1.856440189236733	3.374283270145129	0.5765129114338599	-9.01250949466736
0.0857069116470281	1.763279513898901	0.8677748013032053	-1.617587079806978
4.0756647392609295	-0.0159452826332347	1.0669895945164445	9.131697656017202
-2.5070777085112503	2.959888277780052	0.4582381058156097	-8.93805543798021
-0.8961707696437031	0.1547366152952366	0.9881328675190628	-2.6449969992810933
2.5555113854304867	-1.722568402656527	0.787521611094947	9.128047406335746
-2.712018345083776	3.0462481545393145	0.580129236250104	-9.289678014737442
-4.23020090171207	1.0778200873693171	0.6680827761952057	-8.809611432055954
-2.1024854708623195	-2.074492308652913	1.1721006579625313	-2.0483141299652963
-3.387787127459956	-0.3806773561672164	0.7362723632948819	-5.304049471235391
4.29697652342573	-1.7512365067695144	0.3307422112633174	10.29763633609886
3.0812037956441696	-2.765599461928672	0.6862446912703454	10.462479284646262
1.3340375651042349	1.8523550950632828	0.9987570423080658	1.2229130200963816
3.714605901877178	3.818833280940261	0.9614158454955408	2.5611881649963104
3.0367207689911453	-2.7971351476382824	0.8284137601651798	10.08033528779254
-3.134299411139642	1.1259384733811415	0.7403077137741191	-7.358987205147282
3.925589984899778	-1.301285138243654	1.2396302791254217	9.263276585221732
0.393422419156507	-0.974250767529392	1.1927584893269396	4.352695176966949
3.0744015516406247	-1.1847878484777383	1.3191941195014287	8.776056152102749
3.960912999234932	-1.727981539359632	1.1394470597200743	12.543905899540697
-1.8199652502813608	0.0970432558896539	1.0851541249771646	-3.443903771511515
-3.899480754723232	-1.6619002328220756	0.3649783435213952	-5.537704473802819
-2.720648374580583	0.5409136515596776	0.6292821577849717	-6.513428286910552
-0.7289221137374371	-0.1004762188982739	-0.0193419776699826	-0.4464295495703742
3.1801476592249305	-0.4778960937328195	0.2384170242769475	6.5584419211421725
3.6073058325634335	-1.815127324083196	-0.8619085895704233	9.892371212010495
-4.930478694688093	-1.1535426611366657	-0.3479645803224732	-8.791467459598456
0.1074730257756577	1.510782451651512	-0.9502894023385532	-4.787422447688416
-0.8258899685122101	1.0018343752487615	-1.267462686832651	-4.73881571715015
-2.7789218952926973	-1.955110489597102	-1.205264637214939	-4.768497980324541
-3.801346326663172	0.1986646108584517	-1.0834344763906143	-8.733534427044173
-1.6238482859637204	1.502774246743578	-0.7471381951940298	-7.289976233872522
4.4290970391251925	-3.3388105622427435	-0.5891742375879008	14.321045632258796
-1.7679706797924477	1.08672038475987	-0.7995702911564648	-5.896754030002899
0.1879062174336612	-1.3252475178916934	-0.5480175000252097	1.747673716925956
2.030189588951778	1.1411973371863189	0.1412775383107826	3.117497340560287
-1.3637039762070602	-1.5265183130850335	0.0017469644787504	0.527674022872293
4.717820827209607	-3.609764201329038	-0.4524750872922328	14.468209134809332
4.624472949421111	-3.2550848757663253	-0.678626389155641	12.817471801617907
-2.4821770417463584	0.0961698933227639	-0.7809831441371987	-7.507365054898751
-0.027514941076145	0.5194450034429637	-0.7559970256812607	-2.1250447648969244
-1.991216901832304	-1.8086332502088167	-1.3406181793280203	-2.9591907184617594
-2.151595056225324	1.2771849175547478	-1.1524643893224071	-7.033881547248399
-4.6311305264546725	-3.32304012453792	-1.548003418133002	-5.861250481746894
1.0956433397989684	-0.1321595972946331	-0.8219738104143636	2.419879999259824
0.0267902322886151	-2.4220323995249133	-0.5653338555186425	2.6213787081789963
-4.485212487500107	-1.3036722156043183	-0.656848396673123	-7.597436535785176
-2.213535357633885	0.094797342632828	0.2534932299789185	-3.182484702036989
4.082658859666537	-1.7208267305679048	-0.2734232297177418	10.869644445365704
-2.604381093330276	-0.7691110884596507	-0.0405671661732148	-4.147586828598212
-3.551051279087769	2.012585618428881	0.7346928000640436	-10.135171187702804
-0.1054723972243696	-1.1537837390462975	1.1917441486929028	1.839894736360052
4.856504541106007	1.6713842241302836	1.5198303634389148	7.571183783815774
-2.579447284884996	-2.259413709315236	0.9354629825389822	-1.5624104855488508
1.721355474058786	1.0596083558305656	1.3813623474350756	3.714054131064098
2.616196153287176	2.8831372413158007	0.9708898403198916	1.4625100455642943
-2.6236245600760038	-4.943289000254579	0.8163338790379938	1.4709784140790252
2.282163486118596	-1.5937905109409536	1.0047600605398253	9.526990080140266
-1.322168672807468	1.15414425436108	0.8179036365966201	-3.401265626734096
1.3230583059357943	-0.4060907720859854	0.0646055292791384	1.8999937929107085
1.3352971076089473	0.7422917467426177	0.943811430989136	1.8703568126544527
0.357746840747585	-1.2079703734316412	0.9327208459839074	3.384512301258176
-4.097102299455917	0.1731795749457998	0.400226251050155	-6.429200867193034
3.35302495589238	-0.3113544707841589	0.814821961109089	6.7168267285894006
-1.7921993502826417	2.3355641233196147	0.9716599853237836	-5.334376177929731
-3.134814896001457	0.5088416866024262	1.0238443588401276	-4.8143304078621085
-4.592248584452361	0.6752053241504044	0.872174099488292	-10.128220180614266
0.9089294318824184	-0.8237539322449348	0.8741279436269733	3.475278498173584
1.7756436184228246	-0.9752124481449872	1.0363572658159077	4.8068824743420855
-4.834121710721439	-0.8651163756392418	1.2862111817386408	-7.545061053673407
0.12093058299281	0.7889042847565937	0.9116118191755078	-0.2487957801517952
-2.7350422480206205	-0.8419689616405259	0.3869364634531268	-3.2379318847355805
1.4517279040944988	0.5795497137928258	0.4348011691972916	3.472155643878039
-3.2563357099500854	4.150801597290878	-0.9645321993035028	-14.258595639900935
1.90937738102466	1.7422494068633847	-0.06860907953588	-0.8168316761004557
-1.132646536994626	-0.6520470643356823	-1.2013288894339071	-2.269530368309096
4.367299887367345	2.4024278443278897	-0.9950228100006332	4.628477290210989
-3.624790558540068	-0.8161507460431028	-1.3553439105500589	-6.860212438770486
-1.589336489497415	-4.076249070355708	-1.4624371187306204	1.4390776840451915
-3.865264787594109	-2.016172621834808	-0.7070179171976603	-5.1471328765302
4.246936182785628	-3.741583842051712	-1.1177664968948051	14.727479739485227
3.773393533809809	-0.7030269680826173	-0.7578695867956452	8.376766019269539
-2.420583722848444	0.0368367583791034	-0.7474036761285814	-5.867713949171493
1.59984046034179	3.3528746245505654	-0.4739243210260501	-2.708968290059104
3.172222002012159	0.6538547475283253	-0.5114105373751208	4.784681095154003
0.5520081159946235	-0.4382010576177285	-0.8853310938278829	2.689792905184173
0.2965057835600646	1.6588111623669783	-0.2221211931005602	-2.256202840436984
-2.581477090995483	-4.42227061801577	-0.7406439442135173	0.8581422451411677
-4.068972321941008	0.4712291162171318	-1.16915786691041	-10.262428182672345
3.972157579533267	1.5417303877739337	-0.9583311363482432	5.964038025769003
4.004180571633304	-2.957172491559683	-0.5009271162541129	14.003215442347518
1.3310145727326796	2.287508086413858	-0.7855498950477235	-0.9470598507622184
-1.609702089512993	0.6769928149888282	-1.180397454140198	-5.096438461035961
-1.507904253873391	-0.8305758278016026	-1.1451988924614735	-2.6493210468393227
2.259556788702394	1.2655637322125697	-1.0233420558124813	-0.5822124543497971
3.9711025995257714	4.541385715608792	-0.1143833472696201	1.7837708121074765
3.870864242651173	0.3637325101169903	-0.369656147203842	7.034571218359631
2.798755458576238	0.4964411726006721	-0.0588212233494839	5.2341342302326055
1.4203164615428774	-0.9187217990804882	0.4346921344015852	3.85500713514405
-4.158600350049512	-1.6996887389295836	0.499275258931898	-5.752704263536221
-3.3837128590538623	1.6606716330884912	0.6136097145012425	-9.17857033264264
3.985541885270793	-1.7121676518177344	0.8358751045649636	12.229658315993197
1.0642905965958995	0.1431324744387849	1.0025549165359375	2.3371665781592785
-4.908029483833704	-0.9553148935302334	1.0635851001284675	-5.449558225159485
-3.985284571339679	0.9579596514927836	1.2709136030556998	-7.959915318458936
1.6350176910805576	0.6673242105738966	0.987958300049078	1.7837330463438017
-4.949384161537813	2.0750798885157984	1.075279293302035	-12.279711014459652
-3.3919194858250137	-1.020032797709494	0.7028092103504401	-5.3432175289618495
0.4873378936658614	-0.5397498705867425	0.6355426136038409	0.0983522142748851
1.918951976926932	-1.9575274315646147	-0.0679459162663791	8.319309308301472
1.5196125950260058	-0.8885865201522232	0.7750543592455813	5.695290999896815
-2.757306905394402	0.7546009860897044	0.6273848904150133	-5.611400059692038
2.1217922134753584	1.5139772332907038	0.8966388348804	2.8553333052186853
-2.6275091250319997	-1.8443306483552508	-0.1605448701075917	-3.998975742309633
-1.7460030184073227	1.7392118402113204	1.4628386998580547	-5.41416997680062
2.4649140511802416	2.711275717609902	0.914710890832889	2.436464013395954
1.496328990472147	0.8268698064474017	1.376285034559083	1.8021612691379552
3.4922341049417795	3.753591625116132	0.7638386465791085	-0.5666176267781657
1.5761289230034334	-1.547578398207146	1.2204542672871208	6.222882849366356
0.6830860333547157	-2.489309406622834	0.6030941697925898	5.440853958450216
-4.063252321719075	-3.557440497808557	0.5389919377844996	-2.2235869300830045
-1.3228419694056646	2.992088622978366	1.0444529215852678	-5.569735892496127
-2.347976323182745	1.3087313127081155	0.1151280873132734	-5.929341333345837
-2.560103566209164	-0.1111693418209101	-0.0759860782381478	-4.75547217703356
4.730105547524456	0.5599372526396406	-0.1809209731759742	9.67109982563538
-1.069022753332396	-2.250978094596753	-0.5543731554429112	-0.7240466699373063
3.9204655517711338	4.891503959233653	-0.8579563718305159	0.321891881704766
1.311386259972629	0.018605536084121282	-0.9189408746326024	2.126494637650436
2.948113035416484	0.2187895892097857	-0.3542621707852184	4.0450696643098745
0.0263709310519209	1.451533247797384	-1.067122425289457	-4.4811265585061895
0.7690388462635909	0.9620184634734265	-0.9068708689289218	-1.3763888243016966
-0.0748230618113607	0.4477680485582627	-0.5339285513870886	-1.9099824800850784
-3.047570122019555	-1.5809489108906238	-0.389097353274139	-3.2815752968200544
2.224521152615053	0.9429367142719914	-0.2508464788367745	2.2194212670616045
-2.192276375591442	3.7640489929500673	-0.3370769883455613	-11.156636349565638
-4.756840335685462	2.690840092309956	-0.8429188147602859	-14.835909598338644
1.4547229590716784	3.186373253278794	-0.0359742110718214	-0.7802609964780793
-3.2288932059295106	-1.0224313528623703	-0.9459530210278811	-5.667858425010818
4.404585843529143	-1.9792096405171615	-0.6237326934803262	11.099748967692856
4.539285770025874	-0.2515738401992963	-1.069019550544575	8.490711161213982
4.148643902204485	0.1114498245773892	-0.9811788175996982	8.63723034778965
-1.2984129974455565	2.188383036941897	-0.948275741356328	-7.387192869992263
-4.845433834711326	-3.3849292594296387	-0.9792320947023738	-4.0813511650999885
4.283185625877254	3.0591006389212274	-0.9060484858921036	3.463377803580487
-0.7181585168268567	-0.3160157971579788	-0.4270819511279229	-1.4643782807944312
4.666548190436696	-0.8537621398948401	-0.5786182666719595	12.651745475312367
4.636199770892528	-2.024208750520335	-0.5293909858508208	10.829560389086303
3.5300945546736013	-3.3097133437315387	0.1324337859393303	11.77702039412897
-2.055511079304143	1.6463411679238291	0.5136335112245629	-7.40205834067838
-1.1490227139807474	0.1466359343768077	0.0878616507225229	-1.4952480384125189
3.511366715168569	-2.579921799482108	0.8938985780811138	13.296923925676868
-1.830779948437224	-2.590157544127232	1.1215471545387867	2.7908369243520696
-3.305072533139075	-0.6715693985802564	0.943355661154692	-3.624157686338007
0.5680126245835018	3.338043050578786	1.4883513033309406	-2.8779787518323885
4.36154774160781	-0.5191827027272096	1.001887788337612	9.938138790486676
1.9602979667497296	-3.0062859062362124	0.999610249663272	7.558543220090331
0.7006117008936492	-0.4914861281718886	0.7908152482536094	4.806978327829812
-4.028235062292315	-0.545447139495341	0.7191970473264725	-6.193963699331973
1.1500722669916978	-5.393773285883143	0.2731668770537163	10.117381059581602
4.900538501042632	-0.1085897330356244	0.0939884059838654	11.36720921541276
-3.59915984763476	-0.4618690604173559	0.9783688599086324	-6.695585533476581
0.1832965236373676	1.3924127296268367	0.2746076504588199	-1.09571789257579
3.7737307192795537	3.6979121898906895	0.3095378656679945	2.075594311966633
2.407686177542044	2.253130059095515	0.0747380990804109	2.134144885585446
1.97015740995268	-0.5377773811096611	0.6574363458825244	5.20935642908975
2.024840839871093	-2.2130518174833407	0.5702736449211652	6.3745504307929055
-1.4050884878024483	5.146719606499721	1.5424413342202887	-9.220726945308208
-2.0640815573550664	0.1184368680289765	1.378231973159492	-2.154368696350642
3.093611554785136	0.0278585838258924	0.8219840718191523	6.773806085432771
3.1011339467918084	-0.0482501742200065	1.5788127849768796	8.312808504484217
3.670723185801037	0.3961695215357099	0.9976073679321722	6.499748497970194
4.132405525564714	-0.2887208238478849	0.3444918773300097	8.947224995495409
0.1134239886093784	-1.1473240137604723	-0.6086057742700117	0.8364389233548788
0.015162946871996	-1.0937178824807845	0.5149499642349511	2.82984352895784
2.9829517896677515	-0.0655065404319967	-0.8871152554542994	5.385962747882055
1.4996393077776515	-1.08684954226753	-1.219742250080304	4.343832805228968
2.0196687725770337	-1.4256915653543287	-0.6123477091417933	6.775707152029992
2.95792669436101	0.2128604553837936	-0.3046963738665664	6.044424181674465
3.900053418175663	-0.5099544348417105	-0.6605285791636157	8.309734059576645
-1.620048431484642	3.007985977165377	-0.8746574535221212	-9.450014050046452
-1.24417047360056	-5.301939616786024	-0.7781614767798506	4.839253185887134
-4.06018060159131	2.1830137038449235	-0.5803016207897469	-12.392213457597636
0.7828014099617402	2.492170384995258	-0.4806531664144841	-2.9012392474052207
-4.640577262032579	-4.146780464816299	-0.5128783747316895	-3.845820677376312
-0.3440198186753989	-0.6853751881606975	-0.4921780164600515	-1.0336448430600371
0.4264463470757658	-0.7428817319915829	-0.5189339952046935	-0.4052704931588387
-2.134587478717156	-2.8150233894356425	-0.7577036657532572	-1.320945854211221
0.9083326056901077	-1.5556333751817506	-0.696154579569048	3.786571062421761
-4.694997500609506	-2.221151690931657	-1.234911228641633	-8.394373493162322
3.2260056065965834	1.8713567862949223	-1.2689518664521662	4.530082964900015
-1.3980935858873709	2.543110189988317	-1.383701535129339	-6.69475712960845
-3.729394873481152	1.4433441280864705	-1.020783525735377	-8.796891250559783
0.2224326005480437	-2.2581035424344584	-0.606434608456778	3.738000704915079
2.6999355309861084	-1.049040532559547	-0.6192850774897666	7.64551362180617
-2.8417897250315685	0.978749122455836	-1.1624725393344066	-8.805645895682204
1.2289047581900023	-2.4442556177838908	-0.7245269521950509	4.900231114277815
-4.14652535006232	1.425996860344776	0.156624258204419	-13.04588679021574
-4.483182788313923	-0.48065079631627	-0.106912500554694	-7.144773908554898
0.3135463156814797	-0.749641615099195	0.416846837874201	3.625356504130999
0.4063512161010649	1.421919936406983	0.9024233720452444	-1.151416020119419
1.374299014982066	0.8885266229720795	0.6363482039881776	1.6709349522993198
2.260913337226615	-0.7219323316381598	1.0720342330097332	5.708490444627295
4.758520794625346	2.318659606728496	0.675594165342378	6.962181062909341
0.1630034830119529	-2.162126655199794	0.8602061244964111	5.382294393723968
-1.7704352705875404	1.2318712138885275	1.0470896336871645	-6.293777628939181
2.9518619476870365	1.1862025159367675	0.3519984679989656	4.8154574265103465
-2.291677487379258	-0.6190928786279806	0.8343257187006015	-3.263926853575209
-0.6102857929436389	0.652266044484236	0.5866256295871219	-1.6162757569772448
-4.215436186577341	-2.502227152770606	0.6867482252598457	-3.669139062116605
-4.746492565845425	1.848054038413802	0.5676076667907106	-11.999182494651803
4.626484146779252	-0.369804272885978	0.9436992336853494	10.459047236429967
3.359801205122059	-1.045446041038079	0.6546039199873517	8.597579440236478
1.95974206093698	2.0980184516737785	0.604505840127248	2.2263773182533724
-0.9104705558573016	-1.4086873810855185	0.8985100022245497	1.4296579218208108
-3.2670567992915425	-2.8169225927271198	1.140445545212152	-1.1757897355853233
-3.4356295732891398	-3.1132583470478075	1.0699239745089208	-2.616384167491713
-2.497571018354047	1.2120199026912792	1.086210183375514	-6.322783487257755
0.4922666470612045	-2.560858704992566	0.8088454358201856	6.371566860606581
2.145959227000623	3.5095883639687293	0.6874202523144092	-0.3848313169763972
1.6019737671773129	-4.163858815767444	0.258633174260566	10.316173767003384
-2.200661030540572	3.3929127365800764	0.9381118126035888	-6.973689915540754
4.5486528066319405	0.4220349344052368	-0.2631895575029097	9.292307634862514
2.3789691669576847	-0.1934262237407847	-0.4111631153415579	4.812305514953042
0.5435405251140066	-1.0898381736178997	-0.7136429427497216	1.6399347862593583
1.1172074623435222	0.7982722287041417	-0.4800544597138486	-1.9005865821961452
-0.8039993757221007	-0.0752694048496967	-1.0228773794484414	-2.4817814702012617
-2.5226901049884254	2.206603764033043	-0.6697008653112229	-9.217059044092244
-1.440273213487384	0.2284552973240793	-1.2776621412815496	-3.854992891590752
2.578461104643691	0.3006035229237552	-0.953567396974776	3.7892577803472407
-4.856065113702441	0.018605536084121282	-1.196246345070885	-9.89867572625682
-3.839273594930837	-0.1138912474421349	-0.1799061911069513	-9.431034202091254
-4.5399735797824725	0.6156035377841184	-1.0523604267867224	-11.785208636820569
-4.592711976810299	-3.420336785313251	-0.4949488484349051	-3.974226813598088
3.5546058401100726	-2.696370844211426	-0.3285603754600432	12.606827277301944
2.036578593800237	1.48652818804543	-0.3767095968359172	1.4444718443179718
-0.2582617091267476	0.3417308762558837	-0.5931094740377245	-1.175796238293377
-4.021658393489985	-0.3679666727053582	-0.6611529829926205	-7.067811007363224
-0.0838412488316766	0.0368678661307863	-0.7265186377000868	-1.615093143219852
-0.2652822921943434	0.6951634107233421	-0.9122226695087892	-1.936273792795289
-3.267981300899848	-1.079519360618723	-0.6932786461316336	-6.211796584109076
-0.6614835076202699	-1.556609450804625	-0.3946011969282881	1.561090641914779
-1.0149526560262654	0.3916905101953631	-1.240375796902012	-3.458338666915453
1.1585009805221649	-1.956745555230064	-1.4255929498752766	4.410097747970645
1.3509365086764378	0.8165055114289437	-0.904099272414631	-0.0287632651408337
-4.546959902279555	-3.4051672084756808	0.1065555468002422	-3.193892194794611
-1.2538738537352878	2.0583112746512877	-0.6398476682806526	-4.022379832841013
1.2585991571423634	0.945194964826086	0.3974285724502536	0.4094370295775946
0.0313625858008768	0.5120594686277513	0.722013043231021	-0.4675126044025803
3.564898411883222	1.965381967891028	0.3458159854709129	4.689984134474725
1.5869363161894503	3.3309488889251533	0.9301875611850412	-0.2919944400649797
-3.370655729185703	2.028740130036261	1.4302597341345058	-9.19976015140766
-4.294312525995702	0.018605536084121282	0.933689873673477	-5.152080749200426
1.424192782063156	-2.559153933471403	1.014177320064699	8.8576478145492
-4.734886894583782	-1.2496371553913577	0.8592761355839101	-6.147391028029256
0.8577558127346325	0.0521821004216675	0.635625398292518	0.402791262984113
4.402302414249576	1.035318040938246	0.622209278632865	7.141826398218518
0.75474177875879	-1.4514876263069312	0.3228453525774277	5.513173708567245
-1.118300737934781	0.3735335289541566	0.5935972286722084	-0.8742275679051641
1.4328821844235318	-1.510765864706645	0.2855240172338695	6.298972402373071
-0.4174710950848332	-1.2230356059838965	0.5715393428100006	1.2807302590943164
0.4561678931593498	-2.8133221936964445	0.0739424284858248	5.274460438464536
4.414648087765251	-1.8464664922218088	0.7267243596392304	12.049449596448472
-1.1389736219922575	-2.7033692112326677	0.9960835724812308	3.702213214118308
4.611905638239142	-1.9517465059546653	0.276267286343178	11.496602457989711
4.053506419560637	2.107283593215679	1.099547254886585	5.01992559832282
-3.042088652107036	-1.898797777663886	1.4283995847406292	-1.082986383089723
-4.3063869912483455	5.264764129674782	0.7091449801409566	-15.98696564840766
-3.9922199862257335	0.9866358017617785	1.5114343534286605	-6.876778836897398
-4.817781743484503	0.3696722473897478	0.9944594240818662	-10.06601652576868
-4.055570392440716	-1.7167155603624271	0.443648687416035	-5.235926854743788
1.8300677341635687	1.4006197588179827	0.3674305142133228	0.930737256626868
-4.28811351539771	-1.151275652475548	0.2461199328342236	-6.645054924391153
-1.8102436970623872	0.2440196292907228	-0.2112623206709566	-5.634073631596423
3.448753109694545	5.120169076537589	-0.3639221092556631	-1.5615185037767876
-4.767280642641741	-0.1921197994492997	-1.0464903883051748	-11.519827761681787
3.1446848258893585	2.298546652571352	-0.8980872720046605	2.817003088509219
-2.1814522522660007	-1.4063528502517748	-1.4747505025646033	-2.7165862914463705
-3.8183517237834375	-0.0699769809939234	-1.1080806921050237	-10.148465260244354
1.9673716536415065	3.54160127127102	-1.3013355774807736	-1.0848413161075632
1.2894284677988397	-1.2539341155755348	-1.1550477298627255	6.033135051490655
3.774720135270529	3.6248971159938574	-0.439696696625996	1.8063436259858163
2.350710438038858	1.4155038709109509	-0.3566327044434262	1.6517446459319034
3.034809303848485	0.018605536084121282	-0.3962089750601163	10.264382346334727
-2.179654274286935	0.018605536084121282	-0.8421636862652724	-8.249231213055163
-3.225604562202772	1.94510889925346	-0.5970184431065968	-9.826380760901912
2.506147516408584	1.2436199244343928	-0.1800901949210242	3.1824152628606823
3.0683473926726403	-3.140449439780913	-0.5902796258157066	11.7202928648165
4.905051420006734	-1.4542743516497372	-0.0566140020664781	12.30596214096168
-0.8738232308857352	-0.4950372711030095	-0.7626198874002649	-2.11382036082562
-1.279819142072168	-0.1488668582000925	-0.9345021505472764	-4.035124087669975
2.764129607419968	1.241344195101356	-1.1550210215359853	2.400404284712979
-1.5919645974698216	0.3554020018665076	-1.0306962949082112	-5.548516594611118
4.307573256035648	-2.6706887174202025	-1.0502157030463397	11.82883234554921
3.584127518430119	0.7603957020119264	-0.6472764465982626	4.945644146703251
-0.710059726249817	1.2211714905676463	-0.3557914685443851	-5.0305476564763625
2.5087106779149737	1.1195808958620797	-0.6052866784822336	4.108966457625945
2.5454287408468232	2.161561451109244	-0.4622890688003737	0.9810115265604424
-3.968761311640674	1.667844309097808	-0.301490130329731	-11.948617996167158
4.0255290667956665	0.9183601584568734	0.6914845860154892	7.058446430230872
0.0525237244785712	-0.140331422917294	0.4499068386836468	0.7438416202476599
3.2645746610774165	-3.321921867031983	0.3099888425759181	10.01355647118451
-1.7995039896938825	0.8592364382651717	1.1702214499748076	-3.620037809679913
3.9552322849620047	0.4153753743262223	1.8219008378454025	7.697764610020732
-1.107983212658369	0.5431576743907469	1.0245956106365817	-0.4999976392028056
-4.891623485197016	-2.553497151640619	1.180201594586653	-4.484879455187047
4.053819764192637	-2.1621130808165248	0.8285992733181126	11.613788578155235
-4.087133232138664	2.106305706665807	0.648411747613422	-11.56016339650265
-1.8068636240958516	-0.07911030771331	0.8503546894869258	-2.919745742595821
4.5006196705080495	1.3630013947452488	0.4254736055584336	7.909906874928262
4.506071469375561	0.0566367522609223	0.5831437272669854	9.368208663588128
0.7343788812328613	0.0595122789914903	0.6439561728597334	1.677495475129417
1.3183721216979922	0.018605536084121282	0.4377804058514829	0.2304874409670733
-0.5155447802168025	-1.0320894564347478	1.0564356512974291	0.7583342140195055
-2.0678922830193547	0.1922415538819667	0.8343126829001849	-4.099902677384549
-1.7133545463008404	-0.924550577410085	0.7700757049059449	-3.509615101466802
1.7251845607703844	-0.8689924548646312	1.2252704422810343	6.707800388514911
2.5237452943768	-0.6183442469372787	0.7997505851845248	6.9136052076289
2.915790437258485	0.4442675432674257	1.0075428777072208	5.197758017748178
2.896181427945539	-0.9574972433269546	0.8477463363923845	9.805540771350657
-4.087938969513097	2.5115122511470416	0.956078169639218	-11.091267299642992
-0.0557969529741857	-1.7892146044390078	0.4971438372158623	1.9337994985076328
-4.424412399833557	-0.3737432883227181	0.0396939585088302	-7.399717278905514
0.4952888232373551	-0.8794621165483498	-0.0192920660400154	2.692385384974485
-0.5846949862662303	2.8939557687074657	-0.1354421533845261	-5.22409736281706
3.877041827582998	0.3931095530231492	-0.624033160235092	6.239437192791607
-1.4908498744792134	2.0636890789372697	-0.9595157570076988	-6.394350249192456
-3.829329835723941	-2.971120746073944	-1.4500147829009742	-4.62374866887884
-3.570083179471641	0.5341005317385177	-1.392651599063261	-8.499496984155828
2.615106317174723	1.779261591246874	-1.1141112675584817	-0.23491322057829
1.182180633162611	0.1645679785508483	-1.1057060828629066	0.7990709692294351
-3.988773238772097	2.1309607501307024	-0.853664588981031	-10.134764176116878
-4.158931938850026	-1.0345769002007443	-0.6551939511194952	-8.057221143694832
2.0096913145911994	2.81869488037116	-0.4115103262821605	-1.141706249893256
-4.272369936358064	4.5977962472385006	-0.5319248142738956	-16.314935433442972
3.218600592903563	-0.7256771208793181	-0.3579430791528943	6.024556267915145
2.0624222715649623	-0.8910050428015436	-0.5316492282490962	2.827751948504711
-4.186512193581002	2.906768954235402	-1.2363362850302972	-13.952833245062958
-4.15162285914808	3.1591442914614247	-1.0470526568270158	-13.743744856868254
4.866395785011754	-1.0457200543065366	-0.9361671226304044	10.499932884840335
-1.257292042438797	-0.8403736341917145	-1.3642829027472547	-2.490328517735713
-1.293578529331091	-0.5635692177210144	-0.8862123415061652	-2.407732234435205
3.1279956725750253	-2.688901022068554	-0.6084082124396607	10.825457779851916
4.472485773838587	-1.8373038929683965	-0.627875611601096	11.008180711919676
4.860010638228708	-2.008281533504136	-0.9051069924887044	11.434275405635388
2.533781852589416	-1.5355951302082569	-0.1704589465107445	6.953463758394536
-1.237404144690842	-0.0693697747735623	-0.295297870520285	-2.027645163880793
-4.164992833013312	0.018605536084121282	-0.1325998514362397	-7.726682866241928
2.771469159274368	3.1010009856281537	0.0957911069950878	0.3399259865333969
0.58404249735805	-1.996708081477582	0.4750568490941361	4.642126383236666
-0.7577799075302369	1.9686447969531675	0.6852116998553484	-3.582000208669988
4.06354385094736	-0.4279776884510179	1.020316309217713	8.592729275216593
-3.888025176938487	-0.0989274193048659	1.1072571160659508	-6.721436364853996
-0.0737489570914089	1.3496389843332075	1.0729780304474583	-2.7792478236667577
-4.886463552325809	-2.245444043124597	1.1496283374145706	-7.254108673772464
-0.3133935800587375	0.7648194923681012	1.2741799822777549	-0.3879260049551659
-4.436967243181627	0.3329044164261122	1.0759622829086557	-8.896396026006279
-3.811820837319281	0.9849025280162982	0.2208899599444417	-8.722003091086236
-3.824737532228952	0.5783372878156362	-0.1998647902948027	-8.694767805425549
1.492103021160636	4.9106002798217885	0.7894242648064722	-4.72655501423003
2.4604487926542333	-1.275479968502632	0.0949344833495627	6.864810822777729
0.833687650971596	-1.0619939100036353	0.4872224472362894	2.417042819722821
4.6217254847454186	-1.2462810528495287	0.2982245715485729	12.74242456400539
-1.2512942047629592	-1.110954238320509	0.2311028988142466	-2.007245077853721
-2.1428791371813927	-1.2747742546130354	1.0614715657707805	-1.7202049107951891
3.6859912818946032	2.378033062215104	1.233586237564312	3.749530372470752
-2.764041614805474	2.8410084959797097	0.8949512761952855	-8.503213779263488
4.632225394406113	-1.1414925874989523	0.2884723223814581	10.876036156684318
-4.878455253101837	-1.6647111462084574	0.8238485865464809	-7.119431637275014
4.69878826707639	0.9428311127728082	0.9490280509646698	9.59575385081686
-4.568400880494239	-1.1044460885619425	0.1612331370768747	-7.321715526806512
3.911431136980712	1.2658636355110215	0.3799923533596907	6.7447051493186105
0.2770110908629988	0.4058460417025994	0.0111458843446058	-1.0271561098696815
4.929647961193004	-3.031488229994464	-0.1211504481064463	12.904790964965038
-4.262034352646012	3.0950104026601237	-0.5430902871710376	-13.493848576978904
0.5385428440132074	3.5917553461910434	-1.1037011794164906	-5.512354630288074
4.69302535619099	-1.2255773809687724	-0.6165936883136582	11.357576505638155
0.2309784417014881	-0.7754031198719683	-1.1090704630718378	0.6578967400909088
1.2939863813526251	0.5717307814498099	-1.0790343675024323	1.0722244357632196
1.9574868898461717	0.66891357997405	-1.2944090821923224	0.2526936140361662
-0.4545893523222677	1.3170885453456609	-1.0440432558230022	-1.831609187707172
1.2755808008406344	4.020409077532699	-1.0500629973054776	-4.483744397494194
0.8431431192310024	0.018605536084121282	-0.7124764486842843	2.3447337323359245
4.011580104909889	-1.5965944890769077	-0.0488012576840947	9.542919267068235
-4.545536196585421	-2.7586384560290544	-0.9191863815841366	-5.380453912177229
-2.190368104077697	-1.461860079883838	-0.9903075196205476	-4.283036867550821
4.504114840765588	-0.0662539457475941	-0.1170756222182574	9.466017940637633
3.902637838909163	3.589115727035576	-0.7176885595456979	1.4914771552425723
-0.4434324721428702	-1.0352225980723428	-0.9788766144257356	-0.0879418347822472
1.2013259780153671	0.447575903277797	-0.5931016544919453	1.95478080765058
-2.226188170188673	-0.0328457921455041	-1.1918766954141218	-6.589149319710668
-3.118788402762387	2.376786546896168	-0.5216528314794527	-10.904570621665384
-0.3630159506001789	5.053864851747243	-0.8603669189685716	-8.537798432909314
-1.4664777197394718	-1.0617375458406413	-1.1281155381095247	-0.1446200766588545
0.8365611185087207	-0.9788788850364444	-0.1745292972814445	2.8637347920854705
-4.222653630350152	2.088321754138144	-0.7737160640721776	-11.60562662524133
4.743948076661665	1.3637829792526228	-0.0873679069932782	7.265355888991293
4.862107444796029	3.693414651472067	0.0897877741219343	6.198168726437805
