x1	minmax_custom	minmax_sklearn	std_custom	std_sklearn
-1.254598811526375	0.374002767083837	0.37400276708383706	-0.42138214260397	-0.42138214260397
4.507143064099161	0.9572321567695184	0.9572321567695186	1.5123433831767428	1.5123433831767428
2.3199394181140507	0.7358335805919454	0.7358335805919454	0.7782855909985971	0.7782855909985971
0.986584841970366	0.6008654420558079	0.6008654420558079	0.33079213598753887	0.33079213598753887
-3.439813595575635	0.15280551244375282	0.1528055124437528	-1.1547724433922502	-1.1547724433922502
-3.4400547966379733	0.15278109698894493	0.15278109698894493	-1.1548533940250896	-1.1548533940250896
-4.419163878318005	0.05367127838361974	0.053671278383619736	-1.4834568380248847	-1.4834568380248847
3.661761457749352	0.8716588338116289	0.871658833811629	1.2286208516034849	1.2286208516034849
1.0111501174320878	0.6033520495651812	0.6033520495651812	0.3390366046280242	0.3390366046280242
2.0807257779604544	0.7116193015834598	0.7116193015834598	0.698001966347378	0.698001966347378
-4.794155057041976	0.015712987119321866	0.015712987119321842	-1.609309406552595	-1.609309406552595
4.699098521619943	0.9766627502867831	0.9766627502867831	1.576766464951914	1.576766464951914
3.324426408004218	0.8375122650431203	0.8375122650431204	1.1154062351708713	1.1154062351708713
-2.8766088932172384	0.20981562187162991	0.2098156218716299	-0.9657526412734818	-0.9657526412734818
-3.181750327928994	0.17892783540420354	0.17892783540420348	-1.0681626058315365	-1.0681626058315365
-3.165954901465662	0.1805267194109665	0.18052671941096649	-1.0628614278193886	-1.0628614278193886
-1.9575775704046228	0.3028440999042099	0.3028440999042099	-0.6573121789485659	-0.6573121789485659
0.2475643163223786	0.5260584653735919	0.5260584653735919	0.08276595130771164	0.08276595130771164
-0.6805498135788426	0.4321105848149581	0.4321105848149581	-0.22872283499493754	-0.22872283499493754
-2.0877085980195806	0.28967165284681673	0.28967165284681673	-0.700986070495087	-0.700986070495087
1.118528947223795	0.6142214169746298	0.6142214169746298	0.3750745231219247	0.3750745231219247
-3.605061393479581	0.1360783881818806	0.13607838818188056	-1.210232040816722	-1.210232040816722
-2.0785535146478185	0.29059837150285767	0.2905983715028576	-0.6979134895310698	-0.6979134895310698
-1.336381567063083	0.3657243492671227	0.3657243492671227	-0.4488296411840494	-0.4488296411840494
-0.4393001578296402	0.45653095846614883	0.45653095846614883	-0.14775589349039564	-0.14775589349039564
2.8517596139301364	0.7896668093140601	0.78966680931406	0.9567722899820728	0.9567722899820728
-3.003262178416403	0.1969952075207396	0.19699520752073957	-1.008259351188705	-1.008259351188705
0.1423443841361162	0.5154076312757697	0.5154076312757697	0.04745259068143377	0.04745259068143377
0.9241456886204248	0.5945450705280878	0.5945450705280877	0.3098366355074329	0.3098366355074329
-4.535495872800023	0.04189563143392027	0.04189563143392022	-1.5224995705961764	-1.5224995705961764
1.0754485190143832	0.6098606225492036	0.6098606225492036	0.3606160962280509	0.3606160962280509
-3.294758763127085	0.1674886140519348	0.16748861405193477	-1.1060899029038926	-1.1060899029038926
-4.349484070147205	0.06072458151141027	0.06072458151141025	-1.4600712670291776	-1.4600712670291776
4.488855372533333	0.9553809944958632	0.9553809944958632	1.5062057642497222	1.5062057642497222
4.656320330745594	0.9723325496818148	0.9723325496818149	1.562409473363937	1.562409473363937
3.0839734811646107	0.8131725398704138	0.8131725398704138	1.0347066876355264	1.0347066876355264
-1.9538623082662931	0.3032201754237723	0.3032201754237723	-0.6560652821963445	-0.6560652821963445
-4.023278859936161	0.09374453793613667	0.09374453793613663	-1.350591988844874	-1.350591988844874
1.8423302651215687	0.6874878370961283	0.6874878370961283	0.6179929172856152	0.6179929172856152
-0.5984750626039865	0.44041855972132665	0.4404185597213266	-0.20117733844057412	-0.20117733844057412
-3.779617651552212	0.11840901977573966	0.11840901977573964	-1.2688156947196776	-1.2688156947196776
-0.0482308988872981	0.49611674521974436	0.49611674521974436	-0.0165072841828408	-0.0165072841828408
-4.656114788847816	0.029686043029985565	0.029686043029985565	-1.5629810572522052	-1.5629810572522052
4.093204020787821	0.9153313877297153	0.9153313877297153	1.3734193370380943	1.3734193370380943
-2.412200183999831	0.2568251571629306	0.2568251571629306	-0.8098902311215039	-0.8098902311215039
1.6252228435398202	0.6655112488145493	0.6655112488145493	0.5451284655257935	0.5451284655257935
-1.8828892391058905	0.3104043882372016	0.3104043882372016	-0.6322456737444178	-0.6322456737444178
0.2006802117781081	0.5213126457465462	0.5213126457465462	0.06703095455366415	0.06703095455366415
0.4671027934327965	0.5482811360140971	0.5482811360140971	0.15644630114694322	0.15644630114694322
-3.1514554447447294	0.18199441953996703	0.18199441953996703	-1.0579951963608376	-1.0579951963608376
4.695846277645586	0.9763335435452771	0.9763335435452771	1.575674963922358	1.575674963922358
2.751328233611145	0.7795006939425039	0.7795006939425038	0.923066037965856	0.923066037965856
4.394989415641891	0.945879460770159	0.945879460770159	1.47470296513776	1.47470296513776
3.948273504276488	0.9006608699390241	0.9006608699390242	1.3247785188112067	1.3247785188112067
0.9789997881108512	0.600097648838286	0.600097648838286	0.32824648007667373	0.32824648007667373
4.218742350231167	0.9280389412515319	0.9280389412515319	1.4155518513625251	1.4155518513625251
-4.115074979480805	0.08445252244269286	0.08445252244269286	-1.3814001200251387	-1.3814001200251387
-4.54772711089462	0.0406575305812615	0.04065753058126148	-1.5266045544406417	-1.5266045544406417
-1.7466966923673564	0.32419040948367234	0.3241904094836724	-0.5865374470077256	-0.5865374470077256
-1.1132271031051797	0.3883130463363876	0.3883130463363876	-0.37393571284393945	-0.37393571284393945
-2.286509682261041	0.26954811424792546	0.26954811424792546	-0.7677066455310622	-0.7677066455310622
3.2873750915192943	0.8337617643842884	0.8337617643842884	1.1029712670662133	1.1029712670662133
-1.432466733064107	0.35599817722847327	0.35599817722847327	-0.4810772395936684	-0.4810772395936684
-2.1906549031261924	0.27925096549327116	0.2792509654932711	-0.7355363683506034	-0.7355363683506034
0.4269608315824849	0.5442177863507279	0.5442177863507279	0.1429740668885427	0.1429740668885427
-3.590757750252373	0.13752626718961217	0.13752626718961214	-1.2054315272537799	-1.2054315272537799
3.0219698075403976	0.8068962495563508	0.8068962495563508	1.0138973405721785	1.0138973405721785
-4.254493563202292	0.07033994724408642	0.07033994724408638	-1.4281910523386703	-1.4281910523386703
4.868869366005173	0.9938477176273186	0.9938477176273186	1.6337440634642426	1.6337440634642426
2.7224476929665737	0.7765772759106786	0.7765772759106786	0.9133733027048387	0.9133733027048387
-3.012843184658276	0.19602537503888867	0.19602537503888867	-1.0114748781478267	-1.0114748781478267
-4.944778828763976	0.00046617246675817545	0.0004661724667581746	-1.6598609651707215	-1.6598609651707215
3.154614284548341	0.8203231192496621	0.8203231192496621	1.0584147827938062	1.0584147827938062
2.068573438476172	0.710389187202485	0.710389187202485	0.6939234620398316	0.6939234620398316
2.290071680409873	0.7328102340400646	0.7328102340400646	0.7682615378489371	0.7682615378489371
2.712703466859457	0.7755909215810175	0.7755909215810175	0.9101029967523937	0.9101029967523937
-4.259553482659096	0.06982775947164648	0.06982775947164643	-1.4298892359128788	-1.4298892359128788
-1.4153427145572737	0.35773154728882894	0.35773154728882894	-0.4753301665026841	-0.4753301665026841
-3.841309404748703	0.11216430344826227	0.11216430344826223	-1.289520356688462	-1.289520356688462
3.631034258755936	0.8685484887280538	0.8685484887280539	1.2183083505730805	1.2183083505730805
1.2329812682755792	0.6258067949377645	0.6258067949377645	0.4134864095757337	0.4134864095757337
-1.691019751473508	0.3298262794962559	0.3298262794962559	-0.5678514447313515	-0.5678514447313515
-4.364416497139763	0.059213054186967186	0.05921305418696715	-1.46508280969469	-1.46508280969469
-1.890176782843378	0.3096667103304035	0.3096667103304035	-0.6346914808717794	-0.6346914808717794
-1.7481667797325295	0.32404160063813875	0.3240416006381387	-0.5870308300027516	-0.5870308300027516
2.2960617833806403	0.7334165791654119	0.7334165791654119	0.770271904725251	0.770271904725251
1.3755747135521317	0.6402407438818576	0.6402407438818576	0.4613428722379644	0.4613428722379644
3.8721274257632654	0.8929530218859727	0.8929530218859727	1.2992227721485474	1.2992227721485474
-0.2778507483805068	0.4728735927893688	0.4728735927893688	-0.09357109123558853	-0.09357109123558853
-3.804057540616983	0.11593510444059901	0.11593510444059901	-1.277018081836623	-1.277018081836623
2.1324478722299496	0.7168548442587879	0.7168548442587879	0.7153606637855379	0.7153606637855379
2.6078504861689744	0.7649772319616444	0.7649772319616444	0.8749127904585087	0.8749127904585087
0.6127719756949626	0.5630264248695704	0.5630264248695704	0.2053350264908518	0.2053350264908518
2.7096717995456103	0.7752840425997385	0.7752840425997385	0.9090855245023332	0.9090855245023332
-0.0620440363560925	0.4947185174078303	0.4947185174078303	-0.021143176781140475	-0.021143176781140475
0.2273282938199408	0.524010084292223	0.524010084292223	0.07597444379176821	0.07597444379176821
-0.7245898164145039	0.42765265793623797	0.42765265793623797	-0.24350330928154856	-0.24350330928154856
-4.745808732559048	0.020606819215655197	0.02060681921565516	-1.593083667227859	-1.593083667227859
-3.921085730066956	0.10408898550950443	0.1040889855095044	-1.3162944677040036	-1.3162944677040036
-4.685708143132658	0.026690470800116016	0.026690470800115995	-1.5729130232807695	-1.5729130232807695
1.3641041126378042	0.6390796381407461	0.6390796381407461	0.45749316944619006	0.45749316944619006
-1.856440189236733	0.3130816798524703	0.31308167985247026	-0.6233689826380353	-0.6233689826380353
0.0857069116470281	0.5096745319411932	0.5096745319411932	0.028444219839419593	0.028444219839419593
4.0756647392609295	0.9135559828814473	0.9135559828814475	1.367532895554854	1.367532895554854
-2.5070777085112503	0.2472212280195974	0.2472212280195974	-0.8417325272414944	-0.8417325272414944
-0.8961707696437031	0.4102844632489866	0.4102844632489866	-0.30108840701053485	-0.30108840701053485
2.5555113854304867	0.759679233120436	0.7596792331204361	0.8573470165520832	0.8573470165520832
-2.712018345083776	0.22647621635990509	0.22647621635990506	-0.9105136265626117	-0.9105136265626117
-4.23020090171207	0.07279895954290529	0.07279895954290527	-1.4200380769664975	-1.4200380769664975
-2.1024854708623195	0.2881758714120405	0.2881758714120405	-0.7059454068943972	-0.7059454068943972
-3.387787127459956	0.15807186520679029	0.15807186520679029	-1.1373115936035598	-1.1373115936035598
4.29697652342573	0.935958155626243	0.9359581556262431	1.4418083933875445	1.4418083933875445
3.0812037956441696	0.8128921798628713	0.8128921798628713	1.033777140338047	1.033777140338047
1.3340375651042349	0.6360361671650431	0.6360361671650431	0.4474023927864929	0.4474023927864929
3.714605901877178	0.8770079857802956	0.8770079857802956	1.2463562262022603	1.2463562262022603
3.0367207689911453	0.8083894081236569	0.8083894081236569	1.0188479807262936	1.0188479807262936
-3.134299411139642	0.18373103031235363	0.1837310303123536	-1.0522373785308419	-1.0522373785308419
3.925589984899778	0.898364742231886	0.8983647422318859	1.3171655952578545	1.3171655952578545
0.393422419156507	0.5408228776178361	0.5408228776178361	0.131718081181055	0.131718081181055
3.0744015516406247	0.8122036261747126	0.8122036261747125	1.0314942069567568	1.0314942069567568
3.960912999234932	0.9019402963849976	0.9019402963849976	1.3290205196786034	1.3290205196786034
-1.8199652502813608	0.3167738369891443	0.3167738369891443	-0.6111274553305248	-0.6111274553305248
-3.899480754723232	0.10627593814568553	0.10627593814568553	-1.309043519430399	-1.309043519430399
-2.720648374580583	0.22560264601519994	0.22560264601519991	-0.9134099917046904	-0.9134099917046904
-0.7289221137374371	0.4272141233440723	0.4272141233440723	-0.2449572921394179	-0.2449572921394179
3.1801476592249305	0.8229077221094746	0.8229077221094746	1.0669841598046574	1.0669841598046574
3.6073058325634335	0.8661465908601539	0.866146590860154	1.210344740886025	1.210344740886025
-4.930478694688093	0.0019136962624324366	0.0019136962624324294	-1.6550616293307034	-1.6550616293307034
0.1074730257756577	0.5118777957688861	0.5118777957688861	0.03574924866510223	0.03574924866510223
-0.8258899685122101	0.41739860158342756	0.41739860158342756	-0.2775011339160539	-0.2775011339160539
-2.7789218952926973	0.2197039385316974	0.2197039385316974	-0.9329674444525874	-0.9329674444525874
-3.801346326663172	0.11620954569356068	0.11620954569356068	-1.2761081584590217	-1.2761081584590217
-1.6238482859637204	0.3366256769144738	0.3366256769144738	-0.5453077105162062	-0.5453077105162062
4.4290970391251925	0.949331987602704	0.949331987602704	1.4861499864686514	1.4861499864686514
-1.7679706797924477	0.3220369609311424	0.3220369609311424	-0.5936773108556823	-0.5936773108556823
0.1879062174336612	0.5200196046686602	0.5200196046686602	0.06274381370923787	0.06274381370923787
2.030189588951778	0.7065038015647487	0.7065038015647487	0.6810412761999829	0.6810412761999829
-1.3637039762070602	0.36295865230364077	0.36295865230364077	-0.4579994445400522	-0.4579994445400522
4.717820827209607	0.978557906143862	0.9785579061438621	1.5830499467533734	1.5830499467533734
4.624472949421111	0.9691088147117459	0.9691088147117459	1.5517210226270257	1.5517210226270257
-2.4821770417463584	0.24974178534298108	0.24974178534298108	-0.833375496334586	-0.833375496334586
-0.027514941076145	0.49821370750853855	0.49821370750853855	-0.009554703301026478	-0.009554703301026478
-1.991216901832304	0.29943897569671996	0.29943897569671996	-0.668602034560996	-0.668602034560996
-2.151595056225324	0.28320477862148186	0.28320477862148186	-0.722427307824164	-0.722427307824164
-4.6311305264546725	0.03221506227830412	0.03221506227830412	-1.5545959704199042	-1.5545959704199042
1.0956433397989684	0.6119048330076471	0.6119048330076471	0.36739377583999633	0.36739377583999633
0.0267902322886151	0.5037107210509694	0.5037107210509694	0.00867091356695977	0.00867091356695977
-4.485212487500107	0.04698554152584303	0.046985541525843	-1.5056237251008313	-1.5056237251008313
-2.213535357633885	0.2769349031277033	0.2769349031277033	-0.743215386237566	-0.743215386237566
4.082658859666537	0.9142639591607749	0.9142639591607749	1.369880225485742	1.369880225485742
-2.604381093330276	0.23737174240094666	0.23737174240094666	-0.8743889778481063	-0.8743889778481063
-3.551051279087769	0.14154553452990581	0.14154553452990581	-1.192105450090468	-1.192105450090468
-0.1054723972243696	0.4903225036760446	0.4903225036760446	-0.03571837500532096	-0.03571837500532096
4.856504541106007	0.9925960945183385	0.9925960945183385	1.6295942459185322	1.6295942459185322
-2.579447284884996	0.23989565447406458	0.23989565447406458	-0.8660208241046119	-0.8660208241046119
1.721355474058786	0.6752422254248766	0.6752422254248766	0.5773919937274604	0.5773919937274604
2.616196153287176	0.7658220178692636	0.7658220178692636	0.8777137193936291	0.8777137193936291
-2.6236245600760038	0.23542383227102107	0.23542383227102104	-0.8808473690176494	-0.8808473690176494
2.282163486118596	0.732009731096757	0.7320097310967569	0.765607431244723	0.765607431244723
-1.322168672807468	0.36716304225637947	0.3671630422563794	-0.4440595843139955	-0.4440595843139955
1.3230583059357943	0.6349247972421558	0.6349247972421558	0.44371759152908313	0.44371759152908313
1.3352971076089473	0.6361636637142054	0.6361636637142054	0.44782511382203105	0.44782511382203105
0.357746840747585	0.537211635345748	0.537211635345748	0.1197448310588714	0.1197448310588714
-4.097102299455917	0.08627179783339978	0.08627179783339978	-1.3753682236158535	-1.3753682236158535
3.35302495589238	0.8404071385016607	0.8404071385016607	1.1250043295050778	1.1250043295050778
-1.7921993502826417	0.31958442608874166	0.3195844260887416	-0.6018088099047492	-0.6018088099047492
-3.134814896001457	0.18367885061950406	0.18367885061950406	-1.052410382850883	-1.052410382850883
-4.592248584452361	0.03615086707367953	0.03615086707367948	-1.5415466174004873	-1.5415466174004873
0.9089294318824184	0.5930048126820792	0.5930048126820793	0.30472983539450327	0.30472983539450327
1.7756436184228246	0.680737515215374	0.680737515215374	0.5956118954117254	0.5956118954117254
-4.834121710721439	0.011667382936347058	0.011667382936347004	-1.6227228048040783	-1.6227228048040783
0.12093058299281	0.5132400301507531	0.5132400301507531	0.04026580328820162	0.04026580328820162
-2.7350422480206205	0.2241456335000854	0.22414563350008537	-0.9182407878574311	-0.9182407878574311
1.4517279040944988	0.6479493118464403	0.6479493118464403	0.4869010058024657	0.4869010058024657
-3.2563357099500854	0.1713779680594586	0.1713779680594586	-1.0931945597402026	-1.0931945597402026
1.90937738102466	0.6942746472886795	0.6942746472886796	0.6404949179393168	0.6404949179393168
-1.132646536994626	0.3863473240218742	0.3863473240218742	-0.38045316118141054	-0.38045316118141054
4.367299887367345	0.9430766023594819	0.9430766023594819	1.4654099511886571	1.4654099511886571
-3.624790558540068	0.13408131348717522	0.13408131348717522	-1.216853439501935	-1.216853439501935
-1.589336489497415	0.34011911595157307	0.34011911595157307	-0.5337250427730077	-0.5337250427730077
-3.865264787594109	0.10973943200865163	0.1097394320086516	-1.2975601363745284	-1.2975601363745284
4.246936182785628	0.9308928476063446	0.9308928476063447	1.4250141172635344	1.4250141172635344
3.773393533809809	0.8829587339105062	0.8829587339105062	1.2660862222559257	1.2660862222559257
-2.420583722848444	0.2559765377086702	0.2559765377086701	-0.8127038703677393	-0.8127038703677393
1.59984046034179	0.6629419299903269	0.6629419299903269	0.5366097634813966	0.5366097634813966
3.172222002012159	0.822105451490824	0.8221054514908241	1.0643241923865125	1.0643241923865125
0.5520081159946235	0.5568756340891127	0.5568756340891127	0.1849417792604304	0.1849417792604304
0.2965057835600646	0.5310125404924566	0.5310125404924566	0.0991914293158529	0.0991914293158529
-2.581477090995483	0.2396901883833312	0.23969018838333117	-0.8667020569631749	-0.8667020569631749
-4.068972321941008	0.08911924049432453	0.08911924049432451	-1.3659273884076097	-1.3659273884076097
3.972157579533267	0.9030785233042585	0.9030785233042584	1.3327943666191555	1.3327943666191555
4.004180571633304	0.9063200343857292	0.9063200343857292	1.3435417549215851	1.3435417549215851
1.3310145727326796	0.6357301663003835	0.6357301663003835	0.44638783197497056	0.44638783197497056
-1.609702089512993	0.3380576184523678	0.3380576184523678	-0.5405600384128788	-0.5405600384128788
-1.507904253873391	0.3483620525684766	0.3483620525684766	-0.5063951838437636	-0.5063951838437636
2.259556788702394	0.7297213796534828	0.7297213796534829	0.7580202902739961	0.7580202902739961
3.9711025995257714	0.902971733489792	0.902971733489792	1.3324402997737954	1.3324402997737954
3.870864242651173	0.8928251568181808	0.8928251568181808	1.2987988292714947	1.2987988292714947
2.798755458576238	0.7843014906577981	0.7843014906577981	0.938983313941012	0.938983313941012
1.4203164615428774	0.644769704556841	0.644769704556841	0.4763588625452983	0.4763588625452983
-4.158600350049512	0.08004668895334131	0.08004668895334127	-1.3960078761351147	-1.3960078761351147
-3.3837128590538623	0.15848428095313843	0.15848428095313843	-1.135944209054614	-1.135944209054614
3.985541885270793	0.904433342842372	0.904433342842372	1.3372863369656574	1.3372863369656574
1.0642905965958995	0.6087311675297377	0.6087311675297377	0.35687133294967854	0.35687133294967854
-4.908029483833704	0.004186106208618892	0.004186106208618867	-1.6475273431721358	-1.6475273431721358
-3.985284571339679	0.09759049046716044	0.0975904904671604	-1.3378405453962001	-1.3378405453962001
1.6350176910805576	0.6665027272730716	0.6665027272730716	0.5484157607777347	0.5484157607777347
-4.949384161537813	0.0	0.0	-1.6614065827516054	-1.6614065827516054
-3.3919194858250137	0.15765356933390315	0.15765356933390312	-1.1386984739992245	-1.1386984739992245
0.4873378936658614	0.550329423739218	0.550329423739218	0.16323749913568697	0.16323749913568697
1.918951976926932	0.695243830887166	0.695243830887166	0.643708293493953	0.643708293493953
1.5196125950260058	0.6548209051450703	0.6548209051450703	0.509684108985084	0.509684108985084
-2.757306905394402	0.2218919048860694	0.2218919048860694	-0.925713135146812	-0.925713135146812
2.1217922134753584	0.715776230623139	0.715776230623139	0.7117844675982478	0.7117844675982478
-2.6275091250319997	0.2350306191598846	0.2350306191598846	-0.8821510862917153	-0.8821510862917153
-1.7460030184073227	0.3242606262773234	0.3242606262773234	-0.5863046397990651	-0.5863046397990651
2.4649140511802416	0.7505085640584549	0.7505085640584549	0.8269412153917586	0.8269412153917586
1.496328990472147	0.6524640341212091	0.6524640341212091	0.5018697879985	0.5018697879985
3.4922341049417795	0.8544985137821491	0.8544985137821491	1.1717249724547085	1.1717249724547085
1.5761289230034334	0.6605417416880944	0.6605417416880944	0.5286518219428051	0.5286518219428051
0.6830860333547157	0.570143929579163	0.570143929579163	0.22893346096655798	0.22893346096655798
-4.063252321719075	0.08969824460635406	0.089698244606354	-1.3640076719962557	-1.3640076719962557
-1.3228419694056646	0.36709488815081204	0.36709488815081204	-0.44428555257957536	-0.44428555257957536
-2.347976323182745	0.2633261847959223	0.2633261847959223	-0.7883357565013261	-0.7883357565013261
-2.560103566209164	0.24185371255460508	0.24185371255460508	-0.8595287869091905	-0.8595287869091905
4.730105547524456	0.9798014207070531	0.9798014207070531	1.5871728800195084	1.5871728800195084
-1.069022753332396	0.3927876091501954	0.3927876091501954	-0.35910008130206467	-0.35910008130206467
3.9204655517711338	0.8978460240958397	0.8978460240958397	1.3154457599441733	1.3154457599441733
1.311386259972629	0.6337433003284744	0.6337433003284744	0.4398002808087711	0.4398002808087711
2.948113035416484	0.7994201353777183	0.7994201353777184	0.9891099188877811	0.9891099188877811
0.0263709310519209	0.5036682774966328	0.5036682774966328	0.008530189889660538	0.008530189889660538
0.7690388462635909	0.5788444593315772	0.5788444593315772	0.2577804922849301	0.2577804922849301
-0.0748230618113607	0.4934249670583113	0.4934249670583113	-0.025432006140538112	-0.025432006140538112
-3.047570122019555	0.19251015847416317	0.19251015847416314	-1.0231297503474603	-1.0231297503474603
2.224521152615053	0.726174915217283	0.726174915217283	0.7462618142303777	0.7462618142303777
-2.192276375591442	0.27908683276800966	0.2790868327680096	-0.7360805584172685	-0.7360805584172685
-4.756840335685462	0.019490150802255576	0.019490150802255524	-1.5967860358893349	-1.5967860358893349
1.4547229590716784	0.6482524847625692	0.6482524847625692	0.48790619041252076	0.48790619041252076
-3.2288932059295106	0.17415582156571777	0.17415582156571774	-1.08398445077291	-1.08398445077291
4.404585843529143	0.9468508543002165	0.9468508543002166	1.4779236678284506	1.4779236678284506
4.539285770025874	0.9604857858221819	0.960485785822182	1.5231309492044902	1.5231309492044902
4.148643902204485	0.920943261517341	0.920943261517341	1.392025778658671	1.392025778658671
-1.2984129974455565	0.369567698407588	0.36956769840758796	-0.4360868294039188	-0.4360868294039188
-4.845433834711326	0.010522318941276249	0.010522318941276199	-1.6265193204033936	-1.6265193204033936
4.283185625877254	0.934562179038947	0.9345621790389471	1.4371799648344135	1.4371799648344135
-0.7181585168268567	0.42830366296464045	0.42830366296464045	-0.2413448703155152	-0.2413448703155152
4.666548190436696	0.9733678595749338	0.9733678595749338	1.565842093877962	1.565842093877962
4.636199770892528	0.9702958562483792	0.9702958562483792	1.5556567168155284	1.5556567168155284
3.5300945546736013	0.8583309185421972	0.8583309185421972	1.1844314976070545	1.1844314976070545
-2.055511079304143	0.2929308302961292	0.2929308302961292	-0.6901801084872723	-0.6901801084872723
-1.1490227139807474	0.3846896538389379	0.38468965383893783	-0.385949247631713	-0.385949247631713
3.511366715168569	0.8564352025173508	0.856435202517351	1.178146158542004	1.178146158542004
-1.830779948437224	0.31567912467102366	0.31567912467102366	-0.6147570274857919	-0.6147570274857919
-3.305072533139075	0.16644460793029672	0.1664446079302967	-1.109551356188287	-1.109551356188287
0.5680126245835018	0.5584956823276495	0.5584956823276495	0.19031312831666186	0.19031312831666186
4.36154774160781	0.9424943443317647	0.9424943443317647	1.4634794462609235	1.4634794462609235
1.9602979667497296	0.6994290576694198	0.6994290576694198	0.6575846172923586	0.6575846172923586
0.7006117008936492	0.571917956358427	0.571917956358427	0.23481533339471197	0.23481533339471197
-4.028235062292315	0.09324284887443697	0.09324284887443696	-1.3522553634308778	-1.3522553634308778
1.1500722669916978	0.6174143734683459	0.6174143734683459	0.38566092631730126	0.38566092631730126
4.900538501042632	0.9970534097076784	0.9970534097076784	1.6443726921191288	1.6443726921191288
-3.59915984763476	0.13667576915721338	0.13667576915721336	-1.2082513950175804	-1.2082513950175804
0.1832965236373676	0.5195529907596228	0.5195529907596228	0.06119673250491749	0.06119673250491749
3.7737307192795537	0.8829928653381153	0.8829928653381153	1.2661993866711048	1.2661993866711048
2.407686177542044	0.7447157016679662	0.7447157016679662	0.807734697219106	0.807734697219106
1.97015740995268	0.7004270747909822	0.7004270747909822	0.6608935918009504	0.6608935918009504
2.024840839871093	0.705962377160593	0.705962377160593	0.6792461571454358	0.6792461571454358
-1.4050884878024483	0.35876952617455715	0.35876952617455715	-0.47188869681331236	-0.47188869681331236
-2.0640815573550664	0.2920632880162328	0.2920632880162328	-0.6930564872860735	-0.6930564872860735
3.093611554785136	0.814148148968632	0.814148148968632	1.037941367248337	1.037941367248337
3.1011339467918084	0.8149095992719834	0.8149095992719835	1.0404659929174889	1.0404659929174889
3.670723185801037	0.8725659801737776	0.8725659801737776	1.231628539671213	1.231628539671213
4.132405525564714	0.9192995401043487	0.9192995401043487	1.3865759400363606	1.3865759400363606
0.1134239886093784	0.5124801789537761	0.5124801789537761	0.03774647953433285	0.03774647953433285
0.015162946871996	0.5025337550008372	0.5025337550008372	0.004768625146027486	0.004768625146027486
2.9829517896677515	0.8029466705502385	0.8029466705502386	1.0008023184843464	1.0008023184843464
1.4996393077776515	0.6527991193061117	0.6527991193061118	0.5029807792942342	0.5029807792942342
2.0196687725770337	0.7054388372803896	0.7054388372803897	0.6775103351035134	0.6775103351035134
2.95792669436101	0.8004135180110176	0.8004135180110175	0.9924035275241929	0.9924035275241929
3.900053418175663	0.8957798162586869	0.895779816258687	1.3085951469487895	1.3085951469487895
-1.620048431484642	0.3370103152506865	0.3370103152506865	-0.5440324233271826	-0.5440324233271826
-1.24417047360056	0.37505837028425787	0.37505837028425787	-0.4178822386384828	-0.4178822386384828
-4.06018060159131	0.0900091779133424	0.0900091779133424	-1.3629767574312974	-1.3629767574312974
0.7828014099617402	0.5802375678392906	0.5802375678392906	0.2623994115801311	0.2623994115801311
-4.640577262032579	0.031258821276093945	0.03125882127609392	-1.5577664341644841	-1.5577664341644841
-0.3440198186753989	0.4661756623167426	0.46617566231674257	-0.11577840683709137	-0.11577840683709137
0.4264463470757658	0.544165707918314	0.544165707918314	0.1428013983024212	0.1428013983024212
-2.134587478717156	0.2849263620009948	0.2849263620009948	-0.716719314049162	-0.716719314049162
0.9083326056901077	0.5929443992544381	0.5929443992544381	0.30452953172463426	0.30452953172463426
-4.694997500609506	0.025750160316108783	0.025750160316108772	-1.576030668614219	-1.576030668614219
3.2260056065965834	0.8275496694988487	0.8275496694988487	1.0823747630816996	1.0823747630816996
-1.3980935858873709	0.35947758156178305	0.35947758156178305	-0.4695411045963234	-0.4695411045963234
-3.729394873481152	0.12349279493175942	0.12349279493175941	-1.2519601899039423	-1.2519601899039423
0.2224326005480437	0.5235145202317891	0.5235145202317891	0.07433137694659953	0.07433137694659953
2.6999355309861084	0.7742984937687858	0.7742984937687858	0.9058178892201953	0.9058178892201953
-2.8417897250315685	0.21334017445462578	0.21334017445462578	-0.9540668150493121	-0.9540668150493121
1.2289047581900023	0.6253941522785512	0.6253941522785512	0.41211827268610135	0.41211827268610135
-4.14652535006232	0.08126897468307473	0.0812689746830747	-1.3919553281031014	-1.3919553281031014
-4.483182788313923	0.04719099679321823	0.0471909967932182	-1.504942528127641	-1.504942528127641
0.3135463156814797	0.5327374596859277	0.5327374596859277	0.10491048314495023	0.10491048314495023
0.4063512161010649	0.5421315885101521	0.5421315885101521	0.13605717606052026	0.13605717606052026
1.374299014982066	0.6401116119432003	0.6401116119432003	0.46091472898868524	0.46091472898868524
2.260913337226615	0.7298586955876116	0.7298586955876116	0.7584755679599583	0.7584755679599583
4.758520794625346	0.9826777396366686	0.9826777396366686	1.5967094559068813	1.5967094559068813
0.1630034830119529	0.5174988380477673	0.5174988380477673	0.05438608886621594	0.05438608886621594
-1.7704352705875404	0.32178748398193585	0.32178748398193585	-0.5945044638649547	-0.5945044638649547
2.9518619476870365	0.7997996171147932	0.7997996171147932	0.9903681091205209	0.9903681091205209
-2.291677487379258	0.2690250058043031	0.2690250058043031	-0.7694410371239293	-0.7694410371239293
-0.6102857929436389	0.4392230245522004	0.4392230245522004	-0.20514119368242648	-0.20514119368242648
-4.215436186577341	0.07429351031987434	0.0742935103198743	-1.4150828208732509	-1.4150828208732509
-4.746492565845425	0.020537598539188028	0.020537598539188018	-1.5933131717613471	-1.5933131717613471
4.626484146779252	0.9693123971409916	0.9693123971409915	1.55239601011393	1.55239601011393
3.359801205122059	0.8410930608820615	0.8410930608820615	1.1272785386569864	1.1272785386569864
1.95974206093698	0.6993727863863788	0.6993727863863788	0.657398047105209	0.657398047105209
-0.9104705558573016	0.4088369746654951	0.40883697466549507	-0.3058876261028411	-0.3058876261028411
-3.2670567992915425	0.1702927312459464	0.17029273124594635	-1.096792715397167	-1.096792715397167
-3.4356295732891398	0.15322903797079998	0.15322903797079995	-1.1533682238228076	-1.1533682238228076
-2.497571018354047	0.24818353789359096	0.24818353789359093	-0.8385419418561196	-0.8385419418561196
0.4922666470612045	0.5508283342938262	0.5508283342938262	0.16489166144572948	0.16489166144572948
2.145959227000623	0.7182225242706369	0.7182225242706369	0.7198952736608013	0.7198952736608013
1.6019737671773129	0.663157872889289	0.6631578728892891	0.5373257327093178	0.5373257327093178
-2.200661030540572	0.27823810033704227	0.27823810033704227	-0.7388945722432934	-0.7388945722432934
4.5486528066319405	0.9614339593365199	0.9614339593365199	1.5262746647990224	1.5262746647990224
2.3789691669576847	0.741808836883279	0.741808836883279	0.7980968450574171	0.7980968450574171
0.5435405251140066	0.5560185065106799	0.5560185065106799	0.182099930912974	0.182099930912974
1.1172074623435222	0.6140876503400188	0.6140876503400188	0.37463101331185716	0.37463101331185716
-0.8039993757221007	0.4196144657002919	0.4196144657002919	-0.2701543282162394	-0.2701543282162394
-2.5226901049884254	0.2456408711300543	0.24564087113005428	-0.8469722776916556	-0.8469722776916556
-1.440273213487384	0.35520797021970013	0.35520797021970013	-0.4836972095240914	-0.4836972095240914
2.578461104643691	0.7620023067705761	0.7620023067705761	0.8650492806954687	0.8650492806954687
-4.856065113702441	0.009446173134780293	0.009446173134780245	-1.630087334382601	-1.630087334382601
-3.839273594930837	0.11237037726122029	0.11237037726122029	-1.2888371088971828	-1.2888371088971828
-4.5399735797824725	0.04144237782295708	0.041442377822957066	-1.5240023550797295	-1.5240023550797295
-4.592711976810299	0.036103960418029345	0.036103960418029324	-1.5417021387081644	-1.5417021387081644
3.5546058401100726	0.8608120609387355	0.8608120609387355	1.1926578463990256	1.1926578463990256
2.036578593800237	0.7071505253296971	0.7071505253296971	0.6831855204279422	0.6831855204279422
-0.2582617091267476	0.4748564833205866	0.4748564833205866	-0.08699672083715725	-0.08699672083715725
-4.021658393489985	0.09390856882762931	0.09390856882762927	-1.350048136413043	-1.350048136413043
-0.0838412488316766	0.4925121056657903	0.4925121056657903	-0.028458642670581534	-0.028458642670581534
-0.2652822921943434	0.47414582837176406	0.474145828371764	-0.08935293202757957	-0.08935293202757957
-3.267981300899848	0.1701991490410482	0.17019914904104816	-1.0971029917679584	-1.0971029917679584
-0.6614835076202699	0.4340405619343464	0.4340405619343464	-0.22232390159765927	-0.22232390159765927
-1.0149526560262654	0.39826082723820216	0.39826082723820216	-0.3409533594253648	-0.3409533594253648
1.1585009805221649	0.6182675657067914	0.6182675657067914	0.3884897268528317	0.3884897268528317
1.3509365086764378	0.6377467541296628	0.6377467541296628	0.45307392741086355	0.45307392741086355
-4.546959902279555	0.04073519088295232	0.0407351908829523	-1.5263470679175426	-1.5263470679175426
-1.2538738537352878	0.3740761505673687	0.3740761505673687	-0.42113883608035263	-0.42113883608035263
1.2585991571423634	0.6283999527034771	0.6283999527034771	0.42208415079490896	0.42208415079490896
0.0313625858008768	0.5041735552087551	0.5041735552087551	0.01020546282140613	0.01020546282140613
3.564898411883222	0.861853921279433	0.8618539212794329	1.1961121852419139	1.1961121852419139
1.5869363161894503	0.6616357145643593	0.6616357145643593	0.5322789424424856	0.5322789424424856
-3.370655729185703	0.159805982280348	0.15980598228034798	-1.1315620437538207	-1.1315620437538207
-4.294312525995702	0.06630929299590459	0.06630929299590455	-1.4415548833512093	-1.4415548833512093
1.424192782063156	0.6451620831291669	0.6451620831291669	0.4776598128651799	0.4776598128651799
-4.734886894583782	0.021712376707480382	0.02171237670748033	-1.5894181373695084	-1.5894181373695084
0.8577558127346325	0.5878247891218724	0.5878247891218724	0.28755521429402037	0.28755521429402037
4.402302414249576	0.946619715333241	0.946619715333241	1.4771573152948714	1.4771573152948714
0.75474177875879	0.5773972459480005	0.5773972459480006	0.25298218563138153	0.25298218563138153
-1.118300737934781	0.38779947023231487	0.38779947023231487	-0.37563849949948097	-0.37563849949948097
1.4328821844235318	0.6460416634617768	0.6460416634617768	0.480576104415678	0.480576104415678
-0.4174710950848332	0.458740594235485	0.458740594235485	-0.14042973818099638	-0.14042973818099638
0.4561678931593498	0.5471742562977849	0.5471742562977849	0.15277638738873017	0.15277638738873017
4.414648087765251	0.9478693998531716	0.9478693998531718	1.4813007053539105	1.4813007053539105
-1.1389736219922575	0.3857068680623199	0.3857068680623199	-0.3825766241944731	-0.3825766241944731
4.611905638239142	0.9678366950318176	0.9678366950318176	1.5475032476993063	1.5475032476993063
4.053506419560637	0.9113130182443239	0.9113130182443239	1.3600962367565608	1.3600962367565608
-3.042088652107036	0.19306501747699062	0.19306501747699056	-1.0212900882248863	-1.0212900882248863
-4.3063869912483455	0.06508706139440373	0.06508706139440368	-1.445607251918424	-1.445607251918424
-3.9922199862257335	0.09688845662417936	0.09688845662417933	-1.3401681728891597	-1.3401681728891597
-4.817781743484503	0.013321387805846211	0.013321387805846185	-1.617238870879487	-1.617238870879487
-4.055570392440716	0.09047584398885666	0.09047584398885666	-1.3614295032664752	-1.3614295032664752
1.8300677341635687	0.6862465686392938	0.6862465686392938	0.6138774310948031	0.6138774310948031
-4.28811351539771	0.06693678468952181	0.0669367846895218	-1.4394744039950216	-1.4394744039950216
-1.8102436970623872	0.3177578962672395	0.3177578962672395	-0.6078647587336343	-0.6078647587336343
3.448753109694545	0.8500971721621347	0.8500971721621347	1.1571321093568976	1.1571321093568976
-4.767280642641741	0.018433336042816058	0.01843333604281605	-1.6002899568379196	-1.6002899568379196
3.1446848258893585	0.8193180148491879	0.8193180148491879	1.0550823100658477	1.0550823100658477
-2.1814522522660007	0.2801824991441252	0.2801824991441252	-0.7324478230361244	-0.7324478230361244
-3.8183517237834375	0.11448818302270375	0.11448818302270375	-1.2818154204636953	-1.2818154204636953
1.9673716536415065	0.7001450880258249	0.7001450880258249	0.65995865090915	0.65995865090915
1.2894284677988397	0.6315206339881893	0.6315206339881893	0.4324309220049919	0.4324309220049919
3.774720135270529	0.8830930184683696	0.8830930184683696	1.266531449265831	1.266531449265831
2.350710438038858	0.7389483614270037	0.7389483614270037	0.7886127989796812	0.7886127989796812
3.034809303848485	0.8081959210371779	0.8081959210371779	1.0182064648413771	1.0182064648413771
-2.179654274286935	0.2803644985502136	0.2803644985502136	-0.7318443951165887	-0.7318443951165887
-3.225604562202772	0.17448871285363773	0.1744887128536377	-1.0828807334497692	-1.0828807334497692
2.506147516408584	0.7546824005958893	0.7546824005958893	0.840779774277179	0.840779774277179
3.0683473926726403	0.8115907970136398	0.8115907970136398	1.029462341943322	1.029462341943322
4.905051420006734	0.9975102276335679	0.9975102276335679	1.6458872942628973	1.6458872942628973
-0.8738232308857352	0.41254658148894535	0.41254658148894535	-0.29358824350660057	-0.29358824350660057
-1.279819142072168	0.3714498519568821	0.37144985195688207	-0.42984645738893806	-0.42984645738893806
2.764129607419968	0.7807965064927402	0.7807965064927402	0.9273623677622154	0.9273623677622154
-1.5919645974698216	0.3398530870592933	0.3398530870592933	-0.534607074557918	-0.534607074557918
4.307573256035648	0.9370308044928799	0.9370308044928801	1.445364813091863	1.445364813091863
3.584127518430119	0.8638003778055386	0.8638003778055386	1.2025657569169994	1.2025657569169994
-0.710059726249817	0.42912345891999576	0.4291234589199957	-0.23862679678760765	-0.23862679678760765
2.5087106779149737	0.7549418553151924	0.7549418553151925	0.8416400090705098	0.8416400090705098
2.5454287408468232	0.7586586225526797	0.7586586225526797	0.8539631323691966	0.8539631323691966
-3.968761311640674	0.09926304902287023	0.0992630490228702	-1.3322950958188358	-1.3322950958188358
4.0255290667956665	0.9084810249460535	0.9084810249460535	1.3507066246647275	1.3507066246647275
0.0525237244785712	0.5063155807042491	0.5063155807042491	0.017307452965871016	0.017307452965871016
3.2645746610774165	0.831453802414065	0.831453802414065	1.0953191064356298	1.0953191064356298
-1.7995039896938825	0.31884501768106643	0.31884501768106643	-0.6042603545922846	-0.6042603545922846
3.9552322849620047	0.9013652689731668	0.9013652689731668	1.327113988210976	1.327113988210976
-1.107983212658369	0.3888438564786833	0.3888438564786833	-0.37217578589297823	-0.37217578589297823
-4.891623485197016	0.0058467950729600635	0.005846795072960043	-1.6420212481362066	-1.6420212481362066
4.053819764192637	0.9113447363952628	0.9113447363952629	1.3602013998350784	1.3602013998350784
-4.087133232138664	0.08728091160015382	0.08728091160015378	-1.372022457638181	-1.372022457638181
-1.8068636240958516	0.31810004243343715	0.31810004243343715	-0.606730356409566	-0.606730356409566
4.5006196705080495	0.9565718295724743	0.9565718295724743	1.5101540361052936	1.5101540361052936
4.506071469375561	0.9571236851388681	0.9571236851388681	1.5119837401876872	1.5119837401876872
0.7343788812328613	0.5753360220069349	0.5753360220069349	0.2461480969868828	0.2461480969868828
1.3183721216979922	0.6344504406270963	0.6344504406270963	0.4421448390048015	0.4421448390048015
-0.5155447802168025	0.44881313535959877	0.44881313535959877	-0.17334471293010031	-0.17334471293010031
-2.0678922830193547	0.29167754924982875	0.29167754924982875	-0.6943354230051405	-0.6943354230051405
-1.7133545463008404	0.3275654512541914	0.3275654512541914	-0.5753473311842653	-0.5753473311842653
1.7251845607703844	0.6756298227789522	0.6756298227789521	0.5786770916847239	0.5786770916847239
2.5237452943768	0.7564637267166664	0.7564637267166664	0.8466858480286115	0.8466858480286115
2.915790437258485	0.7961482968254752	0.7961482968254752	0.9782619783748455	0.9782619783748455
2.896181427945539	0.7941633848351773	0.7941633848351772	0.9716809057301085	0.9716809057301085
-4.087938969513097	0.08719935124440009	0.08719935124440009	-1.372292874981	-1.372292874981
-0.0557969529741857	0.49535087524453913	0.49535087524453913	-0.01904656348987564	-0.01904656348987564
-4.424412399833557	0.053139999463747103	0.05313999946374709	-1.4852183192307968	-1.4852183192307968
0.4952888232373551	0.5511342525395212	0.5511342525395212	0.16590594833003983	0.16590594833003983
-0.5846949862662303	0.4418134409370734	0.4418134409370734	-0.19655254164531105	-0.19655254164531105
3.877041827582998	0.893450479709642	0.8934504797096421	1.3008721178582123	1.3008721178582123
-1.4908498744792134	0.3500883734450873	0.35008837344508725	-0.5006714826657601	-0.5006714826657601
-3.829329835723941	0.11337692922738063	0.11337692922738063	-1.2854998366944945	-1.2854998366944945
-3.570083179471641	0.13961904009731044	0.1396190400973104	-1.1984928364695937	-1.1984928364695937
2.615106317174723	0.7657116997633081	0.7657116997633082	0.8773479543255196	0.8773479543255196
1.182180633162611	0.6206645264967012	0.6206645264967012	0.39643696741668977	0.39643696741668977
-3.988773238772097	0.09723735188140865	0.09723735188140864	-1.3390113936241577	-1.3390113936241577
-4.158931938850026	0.08001312404572741	0.08001312404572741	-1.3961191622255815	-1.3961191622255815
2.0096913145911994	0.7044288741724778	0.7044288741724778	0.6741617530937514	0.6741617530937514
-4.272369936358064	0.06853042046720306	0.06853042046720303	-1.434190626742712	-1.434190626742712
3.218600592903563	0.8268001007555724	0.8268001007555725	1.0798895313052597	1.0798895313052597
2.0624222715649623	0.7097665384617186	0.7097665384617186	0.691859039730345	0.691859039730345
-4.186512193581002	0.07722132679389782	0.07722132679389776	-1.4053755023623102	-1.4053755023623102
-4.15162285914808	0.08075298191956995	0.08075298191956992	-1.393666127311017	-1.393666127311017
4.866395785011754	0.9935973306498608	0.9935973306498608	1.6329138932118585	1.6329138932118585
-1.257292042438797	0.37373014615508987	0.37373014615508987	-0.4222860306077356	-0.4222860306077356
-1.293578529331091	0.37005706498261326	0.37005706498261326	-0.43446431062430063	-0.43446431062430063
3.1279956725750253	0.8176286637966761	0.8176286637966761	1.0494811841452094	1.0494811841452094
4.472485773838587	0.9537239901971242	0.9537239901971242	1.500711885570997	1.500711885570997
4.860010638228708	0.9929509974156208	0.9929509974156208	1.630770943807536	1.630770943807536
2.533781852589416	0.7574796722149629	0.757479672214963	0.8500542649458674	0.8500542649458674
-1.237404144690842	0.3757432884853182	0.37574328848531824	-0.4156113588922204	-0.4156113588922204
-4.164992833013312	0.07939961311793717	0.07939961311793714	-1.3981532876698648	-1.3981532876698648
2.771469159274368	0.7815394488947102	0.7815394488947102	0.9298256295804314	0.9298256295804314
0.58404249735805	0.560118298042975	0.560118298042975	0.195692989967579	0.195692989967579
-0.7577799075302369	0.42429300785074375	0.42429300785074375	-0.25464239322159626	-0.25464239322159626
4.06354385094736	0.9123290521292251	0.9123290521292251	1.3634649467239213	1.3634649467239213
-3.888025176938487	0.10743552317814907	0.10743552317814903	-1.3051988586224168	-1.3051988586224168
-0.0737489570914089	0.4935336927620652	0.4935336927620652	-0.02507152075969886	-0.02507152075969886
-4.886463552325809	0.006369106652384357	0.0063691066523843265	-1.6402894985855059	-1.6402894985855059
-0.3133935800587375	0.4692757877375511	0.4692757877375511	-0.10549978959770671	-0.10549978959770671
-4.436967243181627	0.05186914183396143	0.05186914183396141	-1.4894319097696314	-1.4894319097696314
-3.811820837319281	0.11514926868200932	0.11514926868200931	-1.2796235586735758	-1.2796235586735758
-3.824737532228952	0.113841782812017	0.11384178281201696	-1.283958591931698	-1.283958591931698
1.492103021160636	0.652036262527898	0.6520362625278981	0.5004514903889863	0.5004514903889863
2.4604487926542333	0.7500565705361609	0.7500565705361609	0.8254426087937295	0.8254426087937295
0.833687650971596	0.5853885016937085	0.5853885016937085	0.2794775843403616	0.2794775843403616
4.6217254847454186	0.9688307039979067	0.9688307039979067	1.5507989329726726	1.5507989329726726
-1.2512942047629592	0.3743372742220224	0.37433727422202234	-0.42027306785035806	-0.42027306785035806
-2.1428791371813927	0.28408704309189253	0.28408704309189253	-0.7195021168836971	-0.7195021168836971
3.6859912818946032	0.874111485432176	0.8741114854321759	1.2367527378361989	1.2367527378361989
-2.764041614805474	0.22121018735267098	0.22121018735267095	-0.9279734029231242	-0.9279734029231242
4.632225394406113	0.9698935520107738	0.9698935520107739	1.5543228574676538	1.5543228574676538
-4.878455253101837	0.00717974266656895	0.0071797426665689	-1.6376017952899111	-1.6376017952899111
4.69878826707639	0.9766313449284748	0.9766313449284749	1.57666233895264	1.57666233895264
-4.568400880494239	0.03856483877271373	0.038564838772713717	-1.5335429763366335	-1.5335429763366335
3.911431136980712	0.8969315200555465	0.8969315200555467	1.3124136771352166	1.3124136771352166
0.2770110908629988	0.529039200143435	0.529039200143435	0.09264872301291317	0.09264872301291317
4.929647961193004	1.0	1.0	1.6541422561415298	1.6541422561415298
-4.262034352646012	0.06957663466953075	0.06957663466953073	-1.430721852458951	-1.430721852458951
0.5385428440132074	0.5555126187841585	0.5555126187841585	0.180422635448696	0.180422635448696
4.69302535619099	0.9760479972063696	0.9760479972063696	1.5747282210899427	1.5747282210899427
0.2309784417014881	0.5243795686542738	0.5243795686542738	0.07719948723935516	0.07719948723935516
1.2939863813526251	0.6319820064685255	0.6319820064685255	0.43396062499646787	0.43396062499646787
1.9574868898461717	0.6991445078401819	0.6991445078401819	0.656641178436422	0.656641178436422
-0.4545893523222677	0.4549833175330408	0.4549833175330408	-0.15288717258918552	-0.15288717258918552
1.2755808008406344	0.6301189109462788	0.6301189109462788	0.427783440800936	0.427783440800936
0.8431431192310024	0.5863456266571601	0.5863456266571601	0.28265097890160934	0.28265097890160934
4.011580104909889	0.9070690483766403	0.9070690483766403	1.3460251473894649	1.3460251473894649
-4.545536196585421	0.04087930476743482	0.04087930476743479	-1.5258692512951784	-1.5258692512951784
-2.190368104077697	0.27927999658102676	0.27927999658102676	-0.7354401143613035	-0.7354401143613035
4.504114840765588	0.9569256264033903	0.9569256264033903	1.511327066777241	1.511327066777241
3.902637838909163	0.8960414229324372	0.8960414229324372	1.309462516652189	1.309462516652189
-0.4434324721428702	0.45611266705238557	0.45611266705238557	-0.14914275910161748	-0.14914275910161748
1.2013259780153671	0.622602504287937	0.622602504287937	0.4028624274322219	0.4028624274322219
-2.226188170188673	0.27565412861481603	0.27565412861481603	-0.7474618566866532	-0.7474618566866532
-3.118788402762387	0.18530112424307033	0.18530112424307033	-1.047031655421901	-1.047031655421901
-0.3630159506001789	0.46425278852821916	0.46425278852821916	-0.12215378879396825	-0.12215378879396825
-1.4664777197394718	0.35255543240764126	0.3525554324076412	-0.4924918281869834	-0.4924918281869834
0.8365611185087207	0.5856793669830836	0.5856793669830836	0.28044196241282376	0.28044196241282376
-4.222653630350152	0.0735629282463325	0.07356292824633248	-1.4175051014188986	-1.4175051014188986
4.743948076661665	0.9812026236756475	0.9812026236756475	1.591818636895085	1.591818636895085
4.862107444796029	0.9931632455935061	0.9931632455935062	1.6314746630072812	1.6314746630072812
